0 309236329538252
1 390216068699726
2 453025394627560
3 504344363888114
4 547734356265810
5 585324103049589
6 618477080267896
7 648133428977423
8 674960860536691
9 699452398237977
10 721982499693204
11 742842390615673
12 762263274946129
13 780432137399452
14 797496451413325
15 813585114617759
16 828803684466639
17 843241463327285
18 856974673796424
19 870068894886553
20 882580956729341
21 894560432587840
22 906050827304696
23 917090534043067
24 927713612094117
25 937950424965535
26 947828168203817
27 957371309295991
28 966601956771435
29 975540171749315
30 984201623655887
31 992604485763188
32 1000763752029487
33 1008693148967621
34 1016405274589261
35 1023911718816501
36 1031223168250773
37 1038349497677148
38 1045299850271458
39 1052082708146287
40 1058705954602879
41 1065176929236416
42 1071502476861899
43 1077688991079204
44 1083742453172639
45 1089668466937703
46 1095472289941917
47 1101158861654559
48 1106732828819360
49 1112198568392930
50 1117560208328052
51 1122821646443980
52 1127986567594241
53 1133058459315398
54 1138040626117082
55 1142936202553680
56 1147748165200924
57 1152479343645854
58 1157132430585843
59 1161709991121297
60 1166214471317060
61 1170648206099177
62 1365756240449040
63 1560864274798903
64 1755972309148766
65 1951080343498629
66 2146188377848491
67 2341296412198354
68 2536404446548217
